ama_fild01	295 293	337 103	155 104	71 50 2	17416	KARAKASA
ayo_fild01	274 103	335 281	114 172	50 237 4	17417	SMOKIE
bif_fild01	356 140	127 240	38 246	169 315 0	17418	MIMING
bif_fild02	69 115	230 97	307 92	305 306 3	17419	LITTLE_FATUM
bra_fild01	60 172	231 37	226 97	88 38 4	17420	TOUCAN
cmd_fild01	323 160	179 229	75 50	36 324 4	17421	GREEN_IGUANA
cmd_fild02	88 73	359 230	282 64	212 366 5	17422	FUR_SEAL
cmd_fild03	281 113	342 218	141 205	40 271 4	17423	ALLIGATOR
cmd_fild04	239 312	292 199	335 346	47 272 1	17424	SEE_OTTER
cmd_fild06	83 375	190 225	285 223	31 296 5	17425	GOLEM
cmd_fild07	108 206	320 251	149 307	159 353	5	17426	RAGGLER
cmd_fild08	337 321	129 260	225 131	44 365 4	17427	DENIRO
cmd_fild09	115 324	263 236	370 217	23 166 0	17428	METALLER
ecl_fild01	165 158	165 157	110 199	118 310 2	17429	MENBLATT
ein_fild03	292 151	136 331	175 56	168 60 4	17430	TEDDY_BEAR
ein_fild04	160 135	214 255	101 165	177 41 6	17431	VENOMOUS
ein_fild05	151 206	310 171	323 183	364 174 0	17432	NOXIOUS
ein_fild06	193 155	293 243	109 307	58 147 0	17433	MOLE
ein_fild07	333 253	248 219	177 155	170 333 3	17434	METALING
ein_fild08	61 194	186 271	334 159	171 358 4	17435	METALING
ein_fild09	307 247	109 207	294 89	88 349 3	17436	PORCELLIO
gef_fild00	317 224	304 360	176 256	54 206 5	17437	CHONCHON
gef_fild01	130 131	200 54	269 65	44 106 4	17438	RODA_FROG
gef_fild02	69 231	301 73	291 335	37 280 5	17439	COCO
gef_fild03	159 359	173 53	356 239	60 365 5	17440	ORC_LADY
gef_fild04	112 323	130 89	241 270	201 57 1	17441	MANDRAGORA
gef_fild05	241 321	104 256	112 87	67 27 1	17442	CREAMY
gef_fild06	76 212	224 143	257 68	370 220 4	17443	PETIT
gef_fild07	71 153	62 49	329 249	317 195 4	17444	PUPA
gef_fild08	225 104	168 233	76 89	339 193 4	17445	PETIT_
gef_fild09	292 84	61 75	282 150	227 33 3	17446	AMBERNITE
gef_fild10	230 292	85 64	281 199	235 359 6	17447	ORK_WARRIOR
gef_fild11	135 227	178 341	347 155	125 357 3	17448	GOBLIN_1
gon_fild01	66 198	339 160	154 339	255 91 5	17449	RICE_CAKE_BOY
hu_fild02	135 111	233 335	237 202	274 52 6	17450	NOVUS
hu_fild04	104 112	186 203	282 199	374 201 4	17451	NOVUS_
hu_fild06	129 299	181 129	267 341	190 366 5	17452	SHELLFISH
lhz_fild01	125 80	240 195	301 294	219 70 2	17453	RAFFLESIA
lhz_fild02	168 315	190 154	50 190	33 232 5	17454	STEM_WORM
lhz_fild03	209 206	94 141	228 287	153 344 6	17455	BREEZE
ma_fild01	190 182	319 130	215 326	285 71 5	17456	TIYANAK
ma_fild02	227 275	88 242	354 255	239 42 6	17457	BUNGISNGIS
mjolnir_01	216 318	293 110	50 141	253 262 4	17458	CARAMEL
mjolnir_02	320 241	154 67	83 213	300 80 3	17459	HORN
mjolnir_03	108 307	218 171	337 190	219 92 4	17460	SIDE_WINDER
mjolnir_04	177 26	314 168	231 206	359 169 2	17461	DRILLER
mjolnir_05	278 99	201 212	73 145	84 166 7	17462	ARGIOPE
mjolnir_06	254 149	162 256	309 160	38 338 4	17463	POISON_SPORE
mjolnir_07	89 208	289 239	59 303	31 84 5	17464	SAVAGE
mjolnir_08	209 227	84 183	320 354	156 345 6	17465	KIND_OF_BEETLE
mjolnir_09	109 191	260 118	197 226	206 357 2	17466	SAVAGE_BABE
mjolnir_10	194 103	286 349	76 316	238 363 1	17467	ARGOS
mjolnir_11	235 88	230 274	143 198	49 210 0	17468	ARGIOPE
mjolnir_12	101 221	350 204	285 344	193 368 5	17469	DUSTINESS
moc_fild01	211 178	103 324	323 264	251 373 2	17470	PECOPECO
moc_fild02	103 107	345 266	161 283	69 36 6	17471	MUKA
moc_fild07	257 55	324 338	207 295	204 33 2	17472	DROPS
moc_fild11	275 320	294 89	89 250	52 153 4	17473	DESERT_WOLF_B
moc_fild12	102 234	224 158	123 102	167 363 2	17474	PICKY
moc_fild18	328 245	194 248	289 139	164 361 3	17475	SCORPION
pay_fild01	288 177	52 204	261 269	339 349 3	17476	WILOW
pay_fild02	148 179	54 330	247 124	76 369 6	17477	SNAKE
pay_fild03	255 214	140 91	350 78	42 110 2	17478	FABRE
pay_fild04	77 306	321 215	239 183	34 175 5	17479	POPORING
pay_fild07	159 180	143 322	296 104	286 351 2	17480	BIGFOOT
pay_fild08	125 176	158 248	194 282	45 83 4	17481	SPORE
pay_fild09	189 243	232 342	242 100	26 99 4	17482	ELDER_WILOW
pay_fild10	120 196	235 199	69 84	46 297 4	17483	GREATEST_GENERAL
prt_fild00	133 217	310 355	138 139	371 240 2	17484	RODA_FROG
prt_fild01	91 123	348 255	121 291	253 366	5	17485	LUNATIC
prt_fild02	290 165	127 343	76 111	53 349 4	17486	STAINER
prt_fild03	93 269	213 174	355 132	22 245 0	17487	YOYO
prt_fild04	206 115	296 272	110 84	366 151 0	17488	AMBERNITE
prt_fild05	321 119	88 130	112 305	364 210 4	17489	HORNET
prt_fild06	204 273	322 274	207 116	40 196 4	17490	FABRE
prt_fild07	91 281	145 138	260 94	256 366 3	17491	ROCKER
prt_fild08	255 328	157 154	316 297	175 373 2	17492	PORING
prt_fild09	129 61	340 51	98 312	235 368 2	17493	MAGNOLIA
prt_fild10	180 191	74 86	288 55	324 140 4	17494	ELDER_WILOW
prt_fild11	202 213	213 288	260 111	294 283 5	17495	GOBLIN_5
ra_fild01	142 134	21 129	270 273	298 59 4	17496	DESERT_WOLF
ra_fild03	228 304	82 214	112 303	36 304 4	17497	HILL_WIND_1
ra_fild04	193 272	322 101	238 112	71 150 1	17498	HILL_WIND_1
ra_fild05	195 322	234 162	131 239	49 354 4	17499	KOBOLD_1
ra_fild06	283 149	124 310	289 281	63 282 4	17500	KOBOLD_ARCHER
ra_fild08	146 173	177 329	340 349	161 49 4	17501	ANACONDAQ
ra_fild12	300 324	150 83	301 132	56 233 4	17502	ROWEEN
um_fild01	296 124	147 317	141 166	340 302 3	17503	DRYAD
um_fild02	146 92	322 83	351 152	203 359 2	17504	WOOTAN_FIGHTER
um_fild03	333 309	86 242	46 291	32 346 4	17505	PARASITE
um_fild04	141 82	229 66	187 43	176 24 5	17506	WILD_ROSE
ve_fild01	150 100	125 231	229 76	194 40 5	17507	GALION
ve_fild02	295 163	202 54	225 320	202 54 5	17508	DROSERA
ve_fild03	263 69	191 227	49 115	350 198 2	17509	MAGMARING
ve_fild04	199 264	95 198	78 292	109 51 6	17510	MUSCIPULAR
ve_fild07	344 154	129 232	209 51	146 347 6	17511	STAPO
yuno_fild01	141 140	143 316	363 315	216 33 1	17512	GEOGRAPHER
yuno_fild02	199 155	230 344	126 193	28 349 4	17513	SLEEPER
yuno_fild03	224 330	182 209	265 154	34 172 4	17514	HARPY
yuno_fild04	237 84	103 216	295 127	215 139 6	17515	HARPY
yuno_fild06	253 365	151 215	327 225	186 362 3	17516	SLEEPER
yuno_fild11	94 149	213 192	60 138	41 272 4	17517	GOAT
yuno_fild12	138 295	301 331	108 331	354 255 3	17518	GEOGRAPHER