[5054]
[5095]
[7062]
[16192]
[16193]
[16194]
[16260]
[16261]
[16262]
[16263]
[16264]
[16265]
[16689]
[16325]
[16758]
[6242]
[6012]
[6485]
[6486]
[6487]
[14037]
[17110]
[17121]
[17117]
[17120]
[17138]
[17140]
[17141]
[17142]
[17143]
[17107]
[17108]
[12473]
[19401]
[19402]
[19403]
[19404]
[19408]
[19201]
[19202]
[19203]
[19204]
[19205]
[19206]
[19207]
[19001]
[19002]
[19003]
[19004]
[19006]
[19007]
[19008]
[19009]
[19011]
[19012]
[19014]
[19016]
[19017]
[19018]
[19019]
[19021]
[19022]
[19023]
[19025]
[19103]
[19104]
[19105]
[19106]
[19107]
[19108]
[19109]
[20001]
[20002]
[20003]
[19027]
[19028]
[19029]
[19032]
[19033]
[19034]
[19110]
[20161]
[20162]
[20163]
[20165]
[20176]
[20177]
[20178]
[20179]
[20371]
[20372]
[20373]
[20374]
[20375]
[20376]
[19111]
[19602]
[19603]
[20121]
[20122]
[20123]
[20124]
[20125]
[20137]
[20138]
[20139]
[20321]
[20322]
[20323]
[20324]
[20326]
[20327]
[20328]
[20331]
[20332]
[20333]
[20334]
[20335]
[20336]
[20337]
[20338]
[20339]
[19604]
[19605]
[19606]
[19378]
[19384]
[19390]
[19396]
[19380]
[19386]
[19392]
[19398]
[19379]
[19385]
[19397]
[19381]
[19393]
[19399]
[19377]
[19383]
[19389]
[19395]
[19382]
[19388]
[19394]
[19400]
[19410]
[19411]
[19412]
[19414]
[17155]
[22565 ]
[19618]
[19621]
[19622]
[17451]
[14675]
[16652]
[3770]
[12853]
[1322]
[1323]
[1441]
[1442]
[1676]
[1677]
[1678]
[1936]
[1937]
[1991]
[1992]
[2164]
[2176]
[4542]
[6797]
[6802]
[12787]
[12801]
[12822]
[12826]
[12827]
[12828]
[12829]
[12850]
[13077]
[13080]
[13097]
[13098]
[13099]
[13449]
[13451]
[13452]
[14229]
[14232]
[14234]
[14236]
[14239]
[14240]
[14241]
[14252]
[14253]
[14254]
[14255]
[14256]
[14257]
[14258]
[14259]
[14260]
[14261]
[14284]
[14285]
[14286]
[14287]
[14288]
[14296]
[14297]
[14298]
[14302]
[14303]
[14304]
[14305]
[14306]
[14307]
[14308]
[14314]
[14315]
[14316]
[14317]
[14343]
[14344]
[14345]
[14359]
[14360]
[14361]
[14362]
[14363]
[14375]
[14376]
[14377]
[14379]
[14380]
[14394]
[14395]
[14407]
[14408]
[14425]
[14438]
[14439]
[14440]
[14441]
[14442]
[14443]
[14444]
[14460]
[14461]
[14469]
[14485]
[14486]
[14487]
[14490]
[14493]
[14494]
[14499]
[14624]
[14625]
[14626]
[14649]
[14664]
[14665]
[14666]
[14667]
[16036]
[16037]
[16131]
[16132]
[16133]
[16134]
[16135]
[16185]
[16195]
[16196]
[16197]
[16198]
[16199]
[16200]
[16201]
[16202]
[16203]
[16204]
[16205]
[16206]
[16207]
[16208]
[16209]
[16210]
[16211]
[16212]
[16213]
[16214]
[16215]
[16216]
[16217]
[16218]
[16219]
[16228]
[16229]
[16232]
[16233]
[16234]
[16235]
[16236]
[16237]
[16238]
[16239]
[16240]
[16244]
[16253]
[16254]
[16257]
[16266]
[16273]
[16274]
[16304]
[16305]
[16307]
[16309]
[16311]
[16313]
[16315]
[16317]
[16319]
[16321]
[16323]
[16327]
[16329]
[16331]
[16333]
[16335]
[16337]
[16339]
[16341]
[16360]
[16371]
[16374]
[16376]
[16377]
[16378]
[16379]
[16380]
[16389]
[16393]
[16394]
[16395]
[16396]
[16405]
[16409]
[16446]
[16457]
[16463]
[16464]
[16465]
[16564]
[16569]
[16575]
[16576]
[16578]
[16579]
[16582]
[16584]
[16586]
[16601]
[16619]
[16621]
[16623]
[16625]
[16626]
[16627]
[16628]
[16631]
[16638]
[16639]
[16640]
[16655]
[16666]
[16674]
[16681]
[16753]
[16754]
[16755]
[16756]
[16757]
[16774]
[16854]
[16855]
[16993]
[17024]
[17026]
[17035]
[17036]
[17067]
[17069]
[17070]
[17071]
[17072]
[17073]
[17074]
[17075]
[17076]
[17176]
[17209]
[17210]
[17211]
[17212]
[17233]
[17234]
[17235]
[17236]
[17237]
[17238]
[17239]
[17240]
[17257]
[17269]
[17280]
[17291]
[17295]
[17300]
[17301]
[17305]
[17308]
[17309]
[17310]
[17311]
[17323]
[17324]
[17325]
[17428]
[17436]
[18125]
[18126]
[18127]
[18654]
[18710]
[18865]
[19651]
[19820]
[19897]
[19898]
[19899]
[22514]
[22648]
[22649]
[28005]
[28006]
[28103]
[28104]
[28319]
[28600]
[28601]
[28700]
[28701]
[28702]
[23451]
[23452]
[16388]
[99999]
[100564]
[31620]
[31625]
[16762]
[17758]
[20548]
[17263]
[17264]
[17265]
[17988]
[17989]
[17990]
[12884]
[12885]
[12886]
[23009]
[23203]
[23330]
[100492]
[100493]
[100555]
[100556]
[100557]
[31458]
[23023]
[9728]
[9729]
[9730]
[9731]
[9732]
[9733]
[31039]
[31602]
[20521]
[20586]
[410005]
[9944]
[19698]
[19699]
[19740]
[20052]
[31918]
[31919]
[20494]
[31535]
[14282]
[12833]
[19512]
[20543]
[20588]
[31387]
[31581]
[9946]
[9947]
[31671]
[31849]
[9960]
[22979]
[20088]
[20552]
[20563]
[31406]
[31721]
[100625]
[31884]
[5915]
[20516]
[20587]
[480056]
[12510]
[22979]
[100630]
[100628]
[100629]
[31422]
[7952]
[7953]
[20545]
[20592]
[23012]
[100671]
[22947]
[22948]
[22949]
[22950]
[22951]
[22952]
[13784]
[16888]
[31568]
[31791]
[100672]
[20572]
[31454]
[31483]
[31942]
[100696]
[31762]
[20380]
[20383]
[20988]
[20989]
[20990]
[400074]
[22659]
[100698]
[20023]
[20381]
[18934]
[20599]
[31388]
[31514]
[31673]
[31934]
[11702]
[100711]
[12704]
[24716]
[24717]
[24718]
[24719]
[24720]
[24721]
[31530]
[20215]
[19664]
[100720]
[20737]
[20798]
[400023]
[420010]
[31088]
[100741]
[20439]
[31626]
[31938]
[31959]
[31960]
[31961]
[31962]
[31963]
[31964]
[31965]
[31966]
[31967]
[400056]
[400057]
[12562]
[23221]
[23222]
[23223]
[23224]
[23225]
[23226]
[12314]
[2392]
[2442]
[2547]
[5408]
[20522]
[31062]
[31624]
[22701]
[100743]
[100771]
[20069]
[6537]
[20063]
[20064]
[31480]
[31841]
[100772]
[31479]
[1286]
[1378]
[1487]
[13109]
[13175]
[1312]
[1424]
[1430]
[1537]
[1567]
[1580]
[1638]
[1653]
[1829]
[1929]
[1983]
[13048]
[13408]
[13409]
[13422]
[16002]
[11010]
[11017]
[12515]
[9610]
[23048]
[23047]
[9908]
[9862]
[792]
[11531]
[7808]
[31814]
[31815]
[410029]
[480095]
[100798]
[16350]
[14227]
[13775]
[13767]
[16110]
[16112]
[16108]
[16109]
[16114]
[16113]
[16115]
[16111]
[16103]
[13774]
[13773]
[13770]
[13951]
[13769]
[13768]
[16107]
[16105]
[13952]
[13772]
[19296]
[20603]
[20605]
[31143]
[31618]
[31729]
[31937]
[31943]
[100803]
[19264]
[19464]
[31516]
[11610]
[23320]
[23321]
[23723]
[23322]
[25319]
[25318]
[25320]
[25655]
[7685]
[18572]
[20448]
[31719]
[31803]
[31885]
[100828]
[6736]
[6769]
[11716]
[14608]
[20116]
[20209]
[20325]
[31498]
[31672]
[31837]
[400020]
[100836]
[19287]
[20607]
[410006]
[410048]
[480093]
