501
502
503
504
505
506
507
508
509
510
511
512
513
514
515
516
517
518
519
520
521
522
523
525
526
528
529
530
531
532
533
534
535
536
537
538
539
540
541
544
545
546
547
548
549
550
551
552
553
554
555
556
557
558
559
560
561
562
563
564
565
566
567
568
569
570
571
572
573
574
575
576
577
578
579
580
581
582
583
584
585
586
587
588
589
590
591
592
593
594
595
596
597
598
599
601
602
603
604
605
606
607
608
609
610
611
612
613
614
615
616
617
618
619
620
621
622
623
624
625
626
627
628
629
630
631
632
633
634
635
636
637
638
639
640
641
642
643
644
645
656
657
658
659
660
661
662
663
664
665
666
667
668
669
670
671
672
673
674
675
676
677
678
679
680
681
682
683
684
685
686
687
688
689
690
691
692
693
694
695
696
697
698
699
700
701
702
703
704
705
706
707
708
709
710
711
712
713
714
715
716
717
718
719
720
721
722
723
724
725
726
727
728
729
730
731
732
733
734
735
736
737
738
739
740
741
742
743
744
745
746
747
748
749
750
751
752
753
754
756
757
901
902
903
904
905
906
907
908
909
910
911
912
913
914
915
916
917
918
919
920
921
922
923
924
925
926
928
929
930
931
932
934
935
936
937
938
939
940
941
942
943
944
945
946
947
948
949
950
951
952
953
954
955
956
957
958
959
960
961
962
963
964
965
966
967
968
969
970
971
972
973
974
975
976
978
979
980
981
982
983
984
985
986
987
988
989
990
991
992
993
994
995
996
997
998
999
1000
1001
1002
1003
1004
1005
1006
1007
1008
1009
1010
1011
1012
1013
1014
1015
1016
1017
1018
1019
1020
1021
1022
1023
1024
1025
1026
1027
1028
1029
1030
1031
1032
1033
1034
1035
1036
1037
1038
1039
1040
1041
1042
1043
1044
1045
1046
1047
1048
1049
1050
1051
1052
1053
1054
1055
1056
1057
1058
1059
1060
1061
1062
1063
1064
1065
1066
1067
1068
1069
1070
1071
1072
1073
1074
1075
1076
1077
1078
1079
1080
1081
1082
1083
1084
1085
1086
1087
1088
1089
1090
1091
1092
1093
1094
1095
1096
1097
1098
1099
1101
1102
1103
1104
1105
1106
1107
1108
1109
1110
1111
1112
1113
1114
1115
1116
1117
1118
1119
1120
1121
1122
1123
1124
1125
1126
1127
1128
1129
13422
1130
1131
1132
1133
1134
1135
1136
1137
1138
1139
1140
1141
1378
13770
13408
13773
13409
1142
1143
1144
1145
1146
1147
1148
1149
1151
1152
1153
1154
1155
1156
1157
1158
1159
1160
1161
1162
1163
1164
1165
1166
1167
1168
1169
1170
1171
1172
1173
13109
13951
1174
1175
1176
1178
1179
1180
1181
1182
1183
1184
1185
1186
1187
1188
1189
1191
1192
1193
1194
1196
1197
1198
1201
1202
1203
1204
1205
1206
1207
1208
1209
1210
1211
1212
1213
1214
1215
1216
1217
1218
1219
1220
1221
1222
13048
1223
1224
1225
1226
1227
1228
1229
1230
1231
1232
1233
1234
1235
1236
1237
1238
1239
1240
1241
1242
1243
1244
1245
1246
1247
1248
1249
1250
1251
1252
1253
1254
1286
1255
1256
1257
1258
1259
1260
1261
1262
1263
1264
1265
1266
1267
1268
1269
1270
1271
1537
13769
1273
1274
1275
1276
1277
1278
1279
1280
1281
1282
1284
1285
1287
1289
1290
1291
1293
1294
1295
1299
1301
1302
1303
1304
1305
1306
1307
1308
1309
1310
1311
1313
1314
1315
1319
1351
1352
1353
1354
1355
1356
1357
1358
1359
1360
1361
1362
1363
1364
1365
1366
1367
1368
1369
1370
1371
1372
1373
1374
1375
1376
1377
1379
1380
1381
1382
1383
1384
1385
1387
1391
1392
1393
1395
1396
1399
1401
1402
1403
1404
1405
1406
1407
1430
1408
1409
1410
1411
1412
1413
1414
1415
1424
1416
1417
1418
1419
1420
1421
1422
1425
1426
1431
1433
1434
1435
1436
1437
1438
1443
1451
1452
1453
1454
1455
1456
1457
1458
1459
1460
1461
1462
1463
1464
1465
1466
1467
1468
1469
1470
1471
1472
1473
1474
1475
1476
1477
1478
1479
1480
1481
1482
1483
1484
1485
1486
1489
1490
1492
1495
1496
1498
1501
1502
1503
1504
1505
1506
1507
1508
1509
1510
1511
1512
1513
1514
1515
1516
1517
1518
1519
1520
1521
1522
16002
1523
1524
1525
1526
1527
1528
1529
1530
1531
1532
1533
1534
1535
1538
1539
1540
1541
1542
1543
1544
1545
1546
1548
1549
1550
1551
1552
1553
1554
1555
1556
1557
1558
1559
1560
1561
1562
1563
1564
1580
1565
1568
1569
1570
1571
1572
1573
1574
1575
1576
1577
1581
1583
1584
1586
1587
1591
1596
1599
1601
1602
1603
1604
1605
1606
1607
1608
1609
1610
1611
1612
1613
1614
1615
1616
1617
1618
1619
1620
1621
1622
1623
12942
1624
1625
1626
1628
13768
1629
1630
1632
1633
1634
1635
1636
1637
1639
1640
1641
1643
1646
1647
1648
1649
1650
1651
1652
1653
1638
1654
1657
1658
1659
1660
1661
1667
1668
1669
1670
1671
1680
1701
1702
1703
1704
1705
1706
1707
1708
1709
1710
1711
1712
1713
1714
1715
1716
1718
1719
1720
1721
1722
1723
1724
1725
1726
1727
1312
16107
1728
1729
1730
1731
1732
1733
1734
1736
1737
1738
1739
1740
1741
1742
1743
1745
1746
1747
1748
1749
1750
1751
1752
1753
1754
1755
1756
1757
1758
1759
1760
1761
1762
1763
1764
1765
1766
1767
1768
1769
1770
1771
1772
1773
1774
1775
1776
1801
1802
1803
1804
1805
1806
1807
1829
1808
1809
1810
1811
1812
1813
1814
1815
1816
1817
1818
1819
1820
1821
1822
1823
1824
1825
1826
1827
1830
1831
1832
1834
1836
1837
1839
1901
1902
1903
1904
1905
1906
1907
1929
1908
1909
1910
1911
1912
1913
1914
1915
1916
1917
1918
1919
1920
1922
1923
1924
1925
1926
1927
1930
1931
1932
1933
1934
1935
1939
1944
1950
1951
1952
1953
1954
1955
1956
1983
1957
1958
1959
1960
1961
1962
1963
1964
1965
1966
1967
1968
1969
1970
1971
1972
1973
1974
1976
1977
1978
1979
1980
1981
1984
1985
1986
1987
1988
1989
1990
1995
2000
2001
2002
2004
2005
2006
2007
2008
2009
2010
2011
2012
2013
2014
2016
2019
2020
2021
2022
2023
2025
2101
2102
2103
2104
2105
2106
2107
2108
2109
2110
2111
2112
2113
2114
2115
2116
2117
2118
2119
2120
2121
2122
2123
2124
2125
2126
2127
2128
2129
2130
2131
2132
2133
2134
2135
2137
2138
2139
2140
2141
2142
2143
2144
2146
2147
2148
2149
2150
2151
2153
2156
2160
2161
2162
2168
2169
2170
2171
2172
2173
2174
2177
2178
2179
2180
2181
2182
2183
2185
2186
2187
2188
2189
2190
2199
2201
2202
2203
2204
2205
2206
2207
2208
2209
2210
2211
2212
2213
2214
2215
2216
2217
2218
2219
2220
2221
2222
2223
2224
2225
2226
2227
2228
2229
2230
2231
2232
2233
2234
2235
2236
2237
2238
2239
2240
2241
2242
2243
2244
2245
2246
2247
2248
2249
2250
2251
2252
2253
2254
2255
2256
2257
2258
2259
2260
2261
2262
2263
2264
2265
2266
2267
2268
2269
2270
2271
2272
2273
2274
2275
2276
2277
2278
2279
2280
2281
2282
2283
2284
2285
2286
2287
2288
2289
2290
2291
2292
2293
2294
2295
2296
2297
2298
2299
2301
2302
2303
2304
2305
2306
2307
2308
2309
2310
2311
2312
2313
2314
2315
2316
2317
2318
2319
2320
2321
2322
2323
2324
2325
2326
2327
2328
2329
2330
2331
2332
2333
2334
2335
2336
2337
2338
2339
2340
2341
2342
2343
2344
2345
2346
2347
2348
2349
2350
2351
2352
2353
2354
2355
2356
2357
2358
2359
2360
2361
2362
2363
2364
2365
2366
2367
2368
2369
2370
2371
2372
2373
2374
2375
2376
2377
2378
2379
2380
2381
2382
2383
2384
2385
2386
2387
2388
2389
2390
2391
2393
2394
2395
2396
2399
2401
2402
2403
2404
2405
2406
2407
2408
2409
2410
2411
2412
2413
2414
2415
2416
2417
2418
2419
2420
2421
2422
2423
2424
2425
2426
2427
2428
2429
2430
2431
2432
2433
2434
2435
2436
2437
2438
2439
2440
2441
2443
2444
2445
2446
2450
2451
2452
2453
2454
2456
2457
2458
2459
2460
2461
2462
2463
2464
2465
2467
2468
2469
2470
2471
2472
2473
2475
2476
2477
2478
2479
2480
2481
2483
2484
2485
2486
2491
2492
2495
2496
2497
2498
2499
2501
2502
2503
2504
2505
2506
2507
2508
2509
2510
2511
2512
2513
2514
2515
2516
2517
2518
2519
2520
2521
2522
2523
2524
2525
2526
2527
2528
2529
2530
2531
2532
2533
2534
2535
2536
2537
2538
2539
2540
2541
2542
2543
2544
2545
2546
2548
2549
2550
2553
2554
2555
2556
2557
2558
2560
2561
2562
2563
2564
2565
2566
2568
2569
2570
2571
2573
2574
2575
2576
16999
2577
2578
2579
2580
2581
2582
2586
2587
2589
2590
2591
2596
2598
2601
2602
2603
2604
2605
2607
2608
2609
2610
2611
2612
2613
2614
2615
2616
2617
2618
2619
2620
2621
2622
2623
2624
2625
2626
2627
2628
2629
2630
2631
2634
2635
2636
2637
2638
2639
2640
2641
2642
2643
2644
2645
2646
2647
2648
2649
2650
2651
2652
2653
2654
2655
2656
2657
2658
2659
2660
2661
2662
2663
2664
2665
2666
2667
2668
2669
2670
2671
2673
2674
2675
2676
2677
2678
2679
2680
2681
2682
2683
2684
2685
2686
2687
2688
2689
2690
2691
2692
2693
2694
2695
2696
2697
2698
2699
2700
2701
2702
2703
2704
2705
2706
2707
2708
2710
2711
2712
2713
2714
2715
2716
2717
2718
2719
2720
2721
2722
2723
2724
2725
2726
2727
2728
2729
2730
2731
2732
2733
2734
2735
2736
2737
2738
2739
2740
2741
2742
2743
2744
2745
2746
2747
2748
2749
2751
2753
2754
2755
2756
2757
2758
2759
2760
2761
2762
2763
2764
2765
2766
2767
2768
2769
2770
2771
2772
2773
2774
2775
2776
2777
2778
2779
2780
2781
2782
2783
2784
2787
2788
2789
2790
2794
2795
2796
2797
2798
2800
2801
2802
2803
2804
2805
2806
2807
2808
2809
2810
2812
2813
2814
2819
2820
2821
2822
2823
2824
2825
2826
2827
2828
2829
2830
2831
2833
2834
2835
2836
2837
2838
2839
2840
2843
2844
2845
2853
2854
2855
2856
2857
2858
2859
2860
2861
2862
2864
2865
2866
2872
2873
2874
2881
2883
2884
2886
2887
2890
2891
2892
2894
2898
2899
2900
2901
2902
2903
2904
2907
2910
2911
2914
2915
2916
2917
2918
2919
2920
2921
2922
2923
2924
2925
2926
2927
2928
2936
2940
2941
2942
2944
2945
2946
2949
2950
2951
2952
2953
2954
2956
2957
2958
2959
2963
2964
2966
2967
2968
2969
2971
2976
2977
2978
2979
2980
2981
2985
2988
2989
2990
2991
2992
2995
2996
3629
3630
3633
3634
3737
4001
4002
4003
4004
4005
4006
4007
4008
4009
4010
4011
4012
4013
4014
4015
4016
4017
4018
4019
4020
4021
4022
4023
4024
4025
4026
4027
4028
4029
4030
4031
4032
4033
4034
4035
4036
4037
4038
4039
4040
4041
4042
4043
4044
4045
4046
4047
4048
4049
4050
4051
4052
4053
4054
4055
4056
4057
4058
4059
4060
4061
4062
4063
4064
4065
4066
4067
4068
4069
4070
4071
4072
4073
4074
4075
4076
4077
4078
4079
4080
4081
4082
4083
4084
4085
4086
4087
4088
4089
4090
4091
4092
4093
4094
4095
4096
4097
4098
4099
4100
4101
4102
4103
4104
4105
4106
4107
4108
4109
4110
4111
4112
4113
4114
4115
4116
4117
4118
4119
4120
4121
4122
4123
4124
4125
4126
4127
4128
4129
4130
4131
4132
4133
4134
4135
4136
4137
4138
4139
4140
4141
4142
4143
4144
4145
4146
4147
4148
4149
4150
4151
4152
4153
4154
4155
4156
4157
4158
4159
4160
4161
4162
4163
4164
4165
4166
4167
4168
4169
4170
4171
4172
4173
4174
4175
4176
4177
4178
4179
4180
4181
4182
4183
4184
4185
4186
4187
4188
4189
4190
4191
4192
4193
4194
4195
4196
4197
4198
4199
4200
4201
4202
4203
4204
4205
4206
4207
4208
4209
4210
4211
4212
4213
4214
4215
4216
4217
4218
4219
4220
4221
4222
4223
4224
4225
4226
4227
4228
4229
4230
4231
4232
4233
4234
4235
4236
4237
4238
4239
4240
4241
4242
4243
4244
4245
4246
4247
4248
4249
4250
4251
4252
4253
4254
4255
4256
4257
4258
4259
4260
4261
4262
4263
4264
4265
4266
4267
4268
4269
4270
4271
4272
4273
4274
4275
4276
4277
4278
4279
4280
4281
4282
4283
4284
4285
4286
4287
4288
4289
4290
4291
4292
4293
4294
4295
4296
4297
4298
4299
4300
4301
4302
4303
4304
4305
4306
4307
4308
4309
4310
4311
4312
4313
4314
4315
4316
4317
4318
4319
4320
4321
4322
4323
4324
4325
4326
4327
4328
4329
4330
4331
4332
4333
4334
4335
4336
4337
4338
4339
4340
4341
4342
4343
4344
4345
4346
4347
4348
4349
4350
4351
4352
4353
4354
4355
4356
4357
4358
4359
4360
4361
4362
4363
4364
4365
4366
4367
4368
4369
4370
4371
4372
4373
4374
4375
4376
4377
4378
4379
4380
4381
4382
4383
4384
4385
4386
4387
4388
4389
4390
4391
4392
4393
4394
4395
4396
4397
4398
4399
4400
4401
4402
4403
4404
4405
4406
4407
4408
4409
4410
4411
4412
4413
4414
4415
4416
4417
4418
4419
4420
4421
4422
4423
4424
4425
4426
4427
4428
4429
4430
4431
4432
4433
4434
4435
4436
4437
4438
4439
4440
4441
4442
4443
4444
4445
4447
4448
4449
4450
4451
4452
4453
4456
4457
4458
4459
4460
4461
4462
4463
4464
4465
4466
4467
4468
4469
4470
4471
4472
4473
4474
4475
4476
4477
4480
4481
4482
4483
4484
4485
4486
4487
4488
4489
4490
4491
4492
4493
4494
4495
4496
4497
4498
4499
4500
4501
4502
4503
4504
4505
4506
4507
4508
4509
4510
4511
4512
4513
4514
4515
4516
4517
4518
4519
4520
4521
4522
4523
4524
4525
4526
4527
4528
4529
4530
4531
4532
4533
4534
4536
4537
4538
4539
4540
4541
4543
4544
4545
4549
4550
4556
4557
4559
4560
4561
4562
4563
4564
4565
4566
4567
4568
4569
4570
4571
4572
4573
4574
4575
4576
4577
4578
4579
4580
4581
4582
4583
4584
4585
4586
4587
4588
4589
4590
4591
4592
4593
4594
4595
4596
4597
4598
4599
4600
4601
4602
4603
4604
4605
4606
4607
4610
4625
4626
4627
4628
4629
4630
4631
4632
4652
4653
4654
4655
4656
4657
4658
4697
4698
4699
4700
4701
4702
4703
4704
4705
4706
4707
4708
4709
4710
4711
4712
4713
4714
4715
4716
4717
4718
4719
4720
4721
4722
4723
4724
4725
4726
4727
4728
4729
4730
4731
4732
4733
4734
4735
4736
4737
4738
4739
4740
4741
4742
4743
4744
4745
4746
4747
4748
4749
4750
4751
4752
4753
4754
4755
4756
4757
4758
4759
4760
4761
4762
4763
4764
4765
4766
4767
4786
4787
4788
4789
4790
4791
4792
4793
4794
4795
4796
4797
4798
4799
4800
4801
4802
4803
4804
4805
4806
4807
4808
4809
4810
4811
4812
4813
4814
4815
4816
4817
4818
4819
4820
4821
4822
4823
4824
4825
4826
4827
4828
4829
4830
4831
4832
4833
4834
4835
4836
4837
4838
4839
4840
4841
4842
4843
4844
4846
4847
4848
4849
4850
4851
4852
4853
4854
4855
4856
4857
4858
4859
4860
4861
4862
4863
4864
4865
4866
4867
4868
4869
4870
4871
4872
4873
4875
4876
4877
4878
4879
4880
4881
4882
4883
4884
4885
4886
4887
4888
4889
4890
4891
4892
4893
4894
4895
4896
4897
4898
4899
4900
4901
4902
4903
4904
4905
4906
4907
4908
4909
4910
4911
4912
4913
4914
4915
4916
4917
4918
4919
4920
4921
4922
4923
4924
4925
4926
4927
4928
4929
4930
4931
4932
4933
4934
4935
4936
4937
4938
4939
4940
4941
4942
4943
4944
4945
4946
4947
4948
4949
4950
4991
4992
4993
5001
5002
5003
5004
5005
5006
5007
5008
5009
5010
5011
5012
5013
5014
5015
5016
5017
5018
5019
5020
5021
5022
5023
5024
5025
5026
5027
5028
5029
5030
5031
5032
5033
5034
5035
5036
5037
5038
5039
5040
5041
5042
5043
5044
5045
5046
5047
5048
5049
5050
5051
5052
5053
5055
5056
5057
5058
5059
5060
5061
5062
5063
5064
5065
5066
5067
5068
5069
5070
5071
5072
5073
5074
5075
5076
5077
5078
5079
5080
5081
5082
5083
5084
5085
5086
5087
5088
5089
5090
5091
5092
5093
5094
5096
5097
5098
5099
5100
5101
5102
5103
5104
5105
5106
5107
5108
5109
5110
5111
5112
5113
5114
5115
5116
5117
5118
5119
5120
5121
5122
5123
5124
5125
5126
5127
5128
5130
5131
5132
5133
5134
5135
5136
5137
5138
5139
5140
5141
5142
5143
5144
5145
5146
5147
5148
5149
5150
5151
5152
5153
5154
5155
5156
5157
5158
5159
5160
5161
5162
5163
5164
5165
5166
5167
5168
5169
5170
5171
5172
5173
5174
5175
5176
5177
5178
5179
5180
5181
5182
5183
5184
5185
5186
5187
5188
5189
5190
5191
5192
5193
5194
5195
5196
5197
5198
5199
5200
5201
5202
5203
5204
5205
5206
5207
5208
5209
5210
5211
5212
5213
5214
5215
5216
5217
5218
5219
5220
5221
5222
5223
5224
5225
5226
5227
5228
5229
5230
5231
5232
5233
5234
5235
5236
5237
5238
5239
5240
5241
5242
5243
5244
5245
5246
5247
5248
5249
5250
5251
5252
5253
5254
5255
5256
5257
5258
5259
5260
5261
5262
5263
5264
5265
5266
5267
5268
5269
5270
5271
5272
5273
5274
5275
5276
5277
5278
5279
5280
5281
5282
5283
5284
5285
5286
5287
5288
5289
5290
5291
5292
5293
5294
5295
5296
5297
5298
5299
5300
5301
5302
5303
5304
5305
5306
5307
5308
5310
5311
5312
5313
5314
5315
5316
5317
5318
5319
5320
5321
5322
5323
5324
5325
5326
5328
5329
5330
5331
5332
5333
5334
5335
5336
5337
5338
5339
5340
5341
5342
5343
5344
5345
5346
5347
5348
5349
5350
5351
5352
5353
5354
5355
5356
5357
5358
5359
5360
5361
5362
5363
5364
5365
5366
5367
5368
5369
5370
5371
5372
5373
5374
5375
5376
5377
5378
5379
5381
5382
5383
5384
5385
5386
5387
5388
5389
5390
5391
5392
5393
5394
5395
5396
5398
5399
5401
5402
5403
5404
5405
5406
5407
5409
5410
5411
5412
5413
5414
5415
5416
5418
5420
5421
5422
5426
5427
5428
5429
5430
5431
5433
5434
5435
5436
5437
5438
5439
5440
5441
5442
5443
5444
5445
5446
5448
5449
5451
5452
5453
5457
5458
5462
5463
5464
5465
5466
5467
5468
5469
5470
5471
5472
5473
5474
5475
5476
5478
5479
5480
5481
5482
5483
5485
5486
5487
5488
5489
5490
5491
5495
5496
5497
5498
5499
5500
5501
5502
5503
5504
5505
5508
5509
5510
5511
5512
5513
5514
5515
5516
5517
5518
5519
5520
5521
5524
5525
5526
5527
5528
5529
5530
5531
5532
5533
5534
5535
5536
5537
5538
5539
5540
5541
5542
5543
5544
5545
5546
5547
5548
5549
5550
5552
5553
5554
5555
5556
5557
5558
5560
5561
5562
5563
5564
5567
5568
5569
5570
5573
5574
5575
5577
5578
5579
5580
5581
5582
5583
5584
5585
5586
5587
5588
5589
5591
5592
5593
5594
5595
5596
5597
5598
5599
5600
5601
5602
5603
5604
5605
5609
5610
5611
5612
5613
5614
5615
5616
5617
5618
5619
5620
5621
5622
5623
5624
5625
5626
5627
5628
5629
5630
5631
5632
5633
5634
5635
5636
5637
5638
5639
5640
5641
5642
5643
5644
5645
5646
5647
5648
5649
5650
5651
5652
5654
5655
5656
5657
5658
5659
5660
5661
5662
5663
5664
5665
5667
5668
5669
5670
5671
5672
5673
5674
5675
5676
5677
5680
5681
5683
5684
5685
5686
5687
5690
5691
5692
5693
5694
5737
5739
5740
5742
5744
5745
5746
5747
5748
5749
5750
5751
5752
5753
5754
5755
5756
5757
5758
5759
5760
5761
5762
5763
5764
5765
5766
5767
5768
5770
5772
5773
5774
5775
5776
5777
5778
5781
5782
5783
5784
5785
5788
5789
5790
5792
5793
5795
5800
5801
5802
5803
5804
5805
5806
5807
5808
5809
5810
5811
5812
5814
5815
5816
5817
5819
5822
5827
5829
5830
5831
5832
5833
5834
5835
5836
5837
5838
5839
5840
5848
5849
5851
5852
5855
5856
5857
5858
5859
5860
5861
5862
5863
5873
5874
5875
5876
5877
5878
5879
5880
5897
5898
5899
5900
5901
5902
5903
5904
5905
5906
5907
5948
5949
5971
5963
6000
6001
6002
6003
6004
6009
6010
6011
6020
6021
6022
6023
6024
6025
6026
6027
6028
6029
6030
6031
6032
6033
6034
6035
6036
6037
6038
6039
6040
6041
6042
6043
6044
6045
6046
6047
6048
6049
6051
6070
6071
6072
6073
6074
6075
6076
6077
6078
6079
6080
6081
6082
6083
6084
6085
6086
6087
6088
6089
6090
6091
6092
6093
6094
6095
6096
6097
6098
6099
6100
6101
6102
6103
6104
6105
6106
6107
6108
6109
6110
6111
6112
6113
6114
6115
6116
6117
6118
6120
6121
6122
6123
6124
6125
6126
6127
6128
6129
6130
6131
6132
6133
6134
6135
6136
6137
6138
6139
6140
6141
6142
6143
6144
6145
6146
6147
6150
6151
6152
6153
6154
6156
6157
6158
6186
6187
6188
6189
6190
6191
6192
6193
6194
6195
6196
6197
6198
6199
6200
6201
6202
6203
6204
6205
6210
6211
6212
6213
6214
6215
6216
6217
6218
6219
6220
6221
6222
6223
6224
6225
6226
6228
6229
6230
6231
6232
6233
6234
6235
6237
6238
6239
6240
6241
6243
6244
6245
6246
6247
6248
6249
6250
6251
6252
6253
6254
6255
6256
6257
6258
6259
6260
6261
6262
6263
6264
6265
6266
6267
6268
6269
6270
6271
6272
6273
6274
6275
6276
6277
6278
6279
6280
6281
6282
6283
6284
6285
6286
6287
6288
6289
6290
6291
6292
6293
6294
6295
6297
6298
6299
6302
6304
6305
6306
6307
6308
6319
6320
6321
6322
6323
6324
6325
6326
6340
6341
6342
6343
6345
6360
6361
6362
6363
6376
6377
6379
6380
6381
6382
6383
6384
6385
6386
6387
6388
6389
6390
6391
6392
6393
6394
6395
6396
6401
6402
6403
6404
6405
6406
6413
6415
6417
6418
6419
6420
6421
6422
6423
6424
6425
6426
6427
6428
6429
6430
6431
6432
6433
6434
6435
6437
6438
6439
6440
6441
6443
25238
25239
6444
6446
6447
6448
6449
6450
6451
6452
6453
6454
6456
6457
6464
6469
6470
6471
6480
6481
6482
6483
6484
6488
6489
6493
6494
6495
6496
6497
6498
6499
6500
6501
6502
6503
6504
6505
6506
6507
6508
6509
6510
6511
6512
6513
6514
6515
6516
6517
6518
6519
6520
6523
6524
6525
6535
6536
6539
6540
6541
6542
6545
6546
6547
6548
6549
6552
6553
6554
6555
6557
6558
6559
6560
6561
6562
6563
6564
6566
6567
6581
6592
6593
6594
6595
6596
6597
6598
6599
6600
6601
6602
6603
6604
6605
6606
6607
6608
6609
6610
6611
6612
6613
6614
6615
6623
6624
6625
6635
6636
6637
6638
6639
6640
6641
6642
6643
6644
6645
6648
6649
6650
6651
6652
6653
6665
6671
6672
6681
6682
6683
6684
6685
6686
6687
6688
6689
6690
6691
6692
6693
6694
6695
6696
6698
6707
6708
6712
6713
6714
6715
6716
6717
6718
6719
6740
6741
6742
6743
6744
6745
6746
6747
6748
6749
6750
6751
6752
6753
6754
6756
6757
6767
6770
6771
6772
6773
6774
6775
6776
6777
6778
6779
6780
6781
6782
6790
6791
6792
6803
6804
6805
6821
6824
6825
6826
6827
6828
6832
6834
6835
6839
6841
6842
6843
6844
6845
6867
6868
6869
6882
6892
6893
6894
6897
6898
6899
6900
6901
6902
6903
6908
6909
6913
6914
6915
6943
6944
6945
6946
6947
6948
6949
6950
6951
6956
6957
6958
6963
6964
6999
7001
7002
7003
7004
7005
7006
7007
7008
7009
7010
7011
7012
7013
7014
7015
7016
7017
7018
7019
7020
7021
7022
7023
7024
7025
7026
7027
7028
7029
7030
7031
7032
7033
7034
7035
7036
7037
7038
7039
7040
7041
7042
7043
7044
7045
7046
7047
7048
7049
7050
7051
7052
7053
7054
7055
7056
7057
7058
7059
7060
7061
7063
7064
7065
7066
7067
7068
7069
7070
7071
7072
7073
7074
7075
7076
7077
7078
7079
7080
7081
7082
7083
7084
7085
7086
7087
7088
7089
7090
7091
7092
7093
7094
7095
7096
7097
7098
7099
7100
7101
7102
7103
7104
7105
7106
7107
7108
7109
7110
7111
7112
7113
7114
7115
7116
7117
7118
7119
7120
7121
7122
7123
7124
7125
7126
7127
7128
7129
7130
7131
7132
7133
7134
7135
7136
7137
7138
7139
7140
7141
7142
7143
7144
7145
7146
7147
7148
7149
7150
7151
7152
7153
7154
7155
7156
7157
7158
7159
7160
7161
7162
7163
7164
7165
7166
7167
7168
7169
7170
7171
7172
7173
7174
7175
7176
7177
7178
7179
7180
7181
7182
7183
7184
7185
7186
7187
7188
7189
7190
7191
7192
7193
7194
7195
7196
7197
7198
7199
7200
7201
7202
7203
7204
7205
7206
7207
7208
7209
7210
7211
7212
7213
7214
7215
7216
7217
7218
7219
7220
7221
7222
7223
7224
7225
7226
7227
7228
7229
7230
7231
7232
7233
7234
7235
7236
7237
7238
7239
7240
7241
7242
7243
7244
7245
7246
7247
7248
7249
7250
7251
7252
7253
7254
7255
7256
7257
7258
7259
7260
7261
7262
7263
7264
7265
7266
7267
7268
7269
7270
7271
7272
7273
7274
7275
7276
7277
7278
7279
7280
7281
7282
7283
7284
7285
7286
7287
7288
7289
7290
7291
7292
7293
7294
7295
7296
7297
7298
7299
7300
7301
7302
7303
7304
7305
7306
7307
7308
7309
7310
7311
7312
7313
7314
7315
7316
7317
7318
7319
7320
7321
7322
7323
7325
7326
7327
7328
7329
7330
7331
7332
7333
7334
7335
7336
7337
7338
7339
7340
7341
7342
7343
7344
7345
7346
7347
7348
7349
7350
7351
7352
7353
7354
7355
7356
7357
7358
7359
7360
7361
7362
7363
7364
7365
7366
7367
7368
7369
7370
7371
7372
7373
7374
7375
7376
7377
7378
7379
7380
7381
7382
7383
7384
7385
7386
7387
7388
7389
7390
7391
7392
7393
7394
7395
7396
7397
7398
7399
7400
7401
7402
7403
7404
7405
7406
7407
7408
7409
7410
7411
7412
7413
7414
7415
7416
7417
7418
7419
7420
7421
7422
7423
7424
7425
7426
7427
7428
7429
7430
7431
7432
7433
7434
7435
7436
7437
7438
7439
7440
7441
7442
7443
7444
7445
7446
7447
7448
7449
7450
7451
7452
7453
7454
7455
7456
7457
7458
7459
7460
7461
7462
7463
7464
7465
7466
7467
7468
7469
7470
7471
7472
7473
7474
7475
7476
7477
7478
7479
7480
7481
7482
7483
7484
7485
7486
7487
7488
7489
7490
7491
7492
7493
7494
7495
7496
7497
7498
7499
7500
7501
7502
7503
7504
7505
7506
7507
7508
7509
7510
7511
7512
7513
7514
7515
7516
7517
7518
7519
7520
7521
7522
7523
7524
7525
7526
7527
7528
6537
7529
7530
7531
7532
7533
7534
7535
7536
7537
7538
7539
7540
7541
7542
7543
7544
7545
7546
7547
7548
7549
7550
7551
7552
7553
7554
7555
7556
7557
7558
7559
7560
7561
7562
7563
7564
7565
7566
7567
7568
7569
7570
7571
7572
7573
7574
7575
7576
7577
7578
7579
7581
7582
7583
7584
7585
7586
7587
7588
7589
7590
7591
7592
7593
7594
7595
7596
7597
7598
7599
7600
7601
7602
7603
7604
7605
7606
7607
7608
7609
7610
7611
7612
7613
7614
7615
7616
7617
7618
7619
7620
7621
7622
7623
7629
7630
7631
7632
7633
7635
7636
7640
7641
7642
7643
7644
7663
7664
7665
7666
7667
7668
7669
7670
7671
7672
7701
7702
7703
7704
7705
7711
7712
7713
7714
7715
7716
7717
7718
7719
7720
24716
24717
24718
24719
24720
24721
7721
7722
7723
7724
7725
7726
7727
7728
7729
7730
7731
7732
7733
7734
7735
7736
7737
7738
7739
7740
7741
7742
7743
7744
7745
7746
7747
7748
7749
7750
7751
7752
7753
7754
7755
7756
7757
7758
7759
7760
7761
7762
7763
7764
7765
7766
7768
7769
7770
7772
7773
7776
7782
7783
7794
7795
7796
7797
7798
7799
7803
7819
7820
7821
7822
7823
7824
7826
7828
7829
7830
7831
7832
7833
7834
7835
7836
7837
7838
7839
7840
7850
7851
7852
7853
7854
7855
7857
7858
7859
7860
7861
7862
7863
7864
7865
7866
7867
7868
7869
7870
7871
7872
7873
7874
7875
7876
7877
7878
7879
7880
7881
7882
7883
7891
7905
7906
7908
7909
7910
7911
7912
7915
7916
7918
7919
7921
7922
7923
7931
7932
7933
7934
7935
7936
7937
7938
7939
7940
7941
7946
7947
7948
7955
7956
7957
7958
7959
7960
7961
7974
7975
7976
7977
9001
9002
9003
9004
9005
9006
9007
9008
9009
9010
9011
9012
9013
9014
9015
9016
9017
9018
9019
9020
9021
9022
9023
9024
9025
9026
9027
9028
9029
9030
9031
9032
9033
9034
9035
9036
9037
9038
9039
10021
9040
9041
9042
9043
9044
9045
9046
9047
9048
9049
9050
9051
9052
9053
9054
9055
9056
9058
9059
9062
9101
10001
10002
10003
10004
10005
10006
10007
10008
10009
10010
10011
10012
10013
10014
10015
10016
10017
10018
10019
10020
10022
10023
10024
10025
10026
10027
10028
10029
10030
10031
10032
10033
10034
10035
10036
10037
10038
10039
10040
11000
11001
11002
11003
11004
11005
11006
11007
11008
11009
11011
11012
11013
11014
11015
11016
11018
11019
11022
11023
11024
11056
11057
11058
11500
11501
11502
11503
11504
11505
11513
11514
11515
11516
11517
11519
11520
11522
11523
11524
11526
11527
11532
11533
11534
11536
11537
11538
11547
11548
11549
11550
11551
11552
11553
11554
11557
11558
11563
11564
11572
11573
11592
11593
11594
11595
11596
11597
11598
11605
11606
11701
11706
11707
14608
6769
6736
11716
12000
12001
12002
12003
12004
12005
12006
12007
12008
12009
12010
12011
12012
12013
12014
12015
12016
12017
12018
12019
12020
12021
12022
12023
12024
12025
12026
12027
12028
12029
12030
12031
12032
12033
12034
12035
12036
12037
12038
12039
12040
12041
12042
12043
12044
12045
12046
12047
12048
12049
12050
12051
12052
12053
12054
12055
12056
12057
12058
12059
12060
12061
12062
12063
12064
12065
12066
12067
12068
12069
12070
12071
12072
12073
12074
12075
12076
12077
12078
12079
12080
12081
12082
12083
12084
12085
12086
12087
12088
12089
12090
12091
12092
12093
12094
12095
12096
12097
12098
12099
12100
12101
12102
12103
12104
12105
12106
12107
12108
12109
12110
12111
12112
12113
12114
12115
12116
12117
12118
12119
12120
12121
12122
12123
12124
12125
12126
12127
12128
12129
12130
12131
12132
12133
12134
12135
12136
12137
12138
12139
12140
12141
12142
12143
12144
12145
12146
12147
12148
12149
12150
12151
12152
12153
12154
12155
12156
12157
12158
12159
12160
12161
12162
12163
12164
12165
12166
12167
12168
12169
12170
12171
12172
12173
12174
12175
12176
12177
12178
12179
12180
12181
12182
12183
12184
12185
12186
12187
12189
12190
12191
12192
12193
12194
12195
12196
12198
12199
12200
12201
12202
12203
12204
12205
12206
12207
12208
12209
12210
12562
12211
12212
12213
12214
12215
12216
12217
12218
12219
12220
12221
12225
12232
12233
12234
12235
12236
12237
12238
12239
12241
12242
12243
12244
12245
12246
12248
12250
12251
12252
12253
12254
12255
12256
12257
12258
12259
12260
12261
12262
12263
12264
12265
12269
12270
12271
12272
12273
12274
12276
12277
12278
12290
12291
12292
12293
12294
12295
12296
12299
12300
12301
12302
12310
12311
12312
12317
12319
12320
12321
12322
12323
12324
12325
12326
12327
12328
12329
12330
12333
12335
12336
12337
12338
12340
12341
12342
12343
12344
12345
12346
12347
12348
12349
12350
12351
12353
12354
12355
12356
12357
12358
12359
12360
12361
12362
12363
12364
12365
12366
12367
12368
12369
12370
12371
12372
12373
12374
12375
12376
12377
12380
12381
12382
12383
12384
12385
12386
12387
12388
12389
12390
12391
12392
12393
12394
12395
12396
12397
12399
12403
12404
12405
12406
12408
12409
12410
22701
12411
12412
12413
12414
12415
12416
12418
12419
12422
12423
12424
12425
12426
12427
12428
12429
12430
12431
12432
12433
12434
12435
12436
12437
12438
12439
12440
12441
12442
12443
12444
12445
12446
12447
12448
12449
12450
12451
12452
12453
12454
12455
12456
12457
12458
12459
12460
12461
12462
12463
12464
12465
12466
12467
12468
12469
12470
12471
12472
12475
12477
12488
12490
12491
12493
12530
12531
12532
12533
12534
12535
12536
12537
12538
12539
12545
12548
12549
12550
12553
12554
12555
12556
12557
12558
12561
12573
12574
12575
12576
12577
12578
12580
12581
12582
12591
12595
12596
12607
12608
12609
12610
12612
12613
12614
12615
12616
12617
12618
12619
12620
12621
12622
12623
12624
12633
12636
12637
12638
12639
12640
12641
12642
12643
12647
12654
12658
12659
12660
12661
12662
12663
12664
12673
12674
12675
12676
12677
12678
12679
12680
12683
12684
12685
12690
12691
12692
12693
12694
12695
12696
12697
12698
12699
12700
12701
12702
12703
12706
12707
12708
12709
12710
12711
12712
12713
12715
12717
12718
12719
12720
12721
12722
12723
12724
12725
12726
12727
12728
12729
12730
12731
12732
12733
12734
12735
12736
12737
12738
12739
12742
12743
12744
12745
12746
12747
12748
12749
12750
12751
12752
12753
12765
12766
12773
12774
12775
12778
12779
12786
12790
12796
12812
12813
12814
12815
12845
12846
12847
12848
12849
12851
12852
12859
12860
12871
12872
12873
12874
12875
12876
12877
12878
12879
12880
12881
12882
12883
12887
12888
12900
12901
12902
12903
12904
12905
12906
12907
12908
12909
12910
12911
12912
12913
12914
12915
12916
12917
12918
12919
12920
12921
12922
12923
12924
12925
12926
12927
12928
12929
12930
12931
12932
12933
12934
12935
12936
12937
16110
16112
12938
12939
12940
12941
12943
12944
12945
12946
13775
13767
12947
12948
12949
12950
12951
12952
12953
12954
16888
12955
12956
12957
12958
12959
12960
12961
12962
12963
12964
12965
12966
12967
12968
12969
12970
12971
12972
12973
12974
12975
12976
12977
12978
12979
12980
12981
12982
12983
12984
12985
12986
12987
12988
12989
12990
12991
12992
12993
12994
12995
12996
12997
12998
12999
13000
13001
13002
13003
13004
13005
13006
13007
13008
13009
13010
13011
13012
13013
13014
13015
13016
13017
13018
13019
13020
13021
13022
13023
13024
13025
13026
13027
13028
13030
13031
13032
13033
13034
13035
13036
13037
13038
13039
13040
13041
13042
13046
13047
13050
13051
13052
13053
13054
13055
13056
13061
13062
13066
13067
13068
13069
13070
13072
13074
13075
13076
13078
13083
13086
13089
13090
13092
13093
13094
13100
13101
13102
13103
13104
13105
13106
13107
13108
13110
13112
13113
13114
13116
13117
13118
13119
13120
13122
13124
13127
13150
13151
13152
13153
13154
13155
13156
13157
13158
13159
13160
13161
13162
13163
13164
13165
13166
13167
13168
13169
13170
13171
13172
13173
13174
13176
13177
13178
13179
13180
13181
13182
13183
13184
13185
13186
13187
13189
13190
13192
13193
13194
13195
13196
13197
13198
13199
13200
13201
13202
13203
13204
13205
13206
13207
13208
13210
13211
13212
13213
13214
13215
13216
13217
13218
13219
13220
13221
13222
13223
13224
13225
13226
13227
13228
13229
13230
13231
13232
13332
13250
13251
13252
13253
13254
13255
13256
13257
13258
13259
13260
13261
13262
13263
13264
13265
13266
13267
13268
13269
13270
13271
13272
13273
13274
13275
13276
13277
13278
13279
13280
13281
13282
13283
13284
13285
13286
13287
13288
13289
13290
13291
13292
13293
13294
13295
13300
13301
13302
13303
13304
13305
13306
13307
13310
13311
13312
13313
13314
13315
13316
13317
13327
13400
13401
13402
13403
13404
13405
13407
13410
13411
13413
13414
13415
13416
13417
13418
13420
13421
13423
13424
13425
13426
13427
13431
13434
13439
13440
13441
13442
13444
13454
13500
13501
13502
13503
13504
13505
13506
13507
13508
16113
16350
14227
13509
13510
16108
16109
13511
16115
16111
13512
16103
13774
13513
16114
13514
13515
13516
13517
13518
13519
13520
13521
13522
13523
13524
13525
13526
13527
13528
13529
13530
13531
13532
13533
13534
13535
13536
13537
13538
13539
13540
13541
13542
13543
13544
13545
13546
13547
13548
13549
13550
13551
13552
13553
13554
13555
13556
13557
13558
13559
13560
13561
13562
13563
13564
13565
13566
13567
13568
13569
13570
13571
13572
13573
13574
13575
13576
13577
13578
13579
13580
13581
13582
13583
13584
13585
13586
13587
13588
13589
13590
13591
13592
13593
13594
13595
13596
13597
13598
13599
13600
13601
13602
13603
13604
13605
13606
13607
13608
13609
13610
13611
13612
13613
13614
13615
13616
13617
13618
13619
13620
13621
13622
13624
13625
13626
13627
13628
13629
13630
13631
13632
13633
13634
13635
13636
13637
13638
13639
13640
13641
13642
13643
13644
13645
13646
13647
13648
13649
13650
13651
13652
13653
13654
13655
13656
13657
13658
13659
13660
13661
13662
13663
13664
13665
13666
13667
13668
13669
13670
13671
13672
13673
13674
13675
13676
13677
13678
13679
13680
13681
13682
13683
13684
13685
13686
13687
13688
13694
13695
13696
13701
13702
13704
13705
13706
13707
13710
13711
13712
13713
13714
13715
13716
13717
13718
13719
13720
13721
13722
13723
13724
13725
13738
13739
13740
13741
13742
13743
13744
13745
13746
13747
13748
13749
13750
13751
13752
13753
13754
13755
13756
13757
13758
13764
13766
13771
13779
13782
13783
13790
13791
13793
13794
13802
13804
13805
13806
13807
13808
13809
13810
13811
13812
13813
13815
13816
13817
13818
13819
13820
13821
13822
13823
13824
13826
13827
13845
13846
13847
13848
13849
13850
13851
13852
13853
13854
13855
13856
13857
13858
13859
13860
13861
13862
13864
13866
13869
13870
13871
13872
13873
13874
13875
13876
13877
13878
13879
13880
13881
13882
13883
13884
13885
13886
13887
13888
13889
13890
13891
13892
13893
13894
13896
13897
13898
13899
13900
13901
13902
13903
13904
13905
13906
13907
13908
13909
13910
13911
13912
13913
13914
13918
13919
13920
13921
13922
13923
13924
13925
13926
13927
13928
13929
13930
13931
13932
13933
13934
13935
13936
13937
13940
13941
13945
13946
13947
13948
13949
13950
13953
13960
13962
13963
13965
13969
13970
13971
13972
13973
13974
13987
13988
13989
13990
13991
13992
13993
13994
13995
13996
13997
13998
13999
14000
14001
14002
14003
14004
14005
14017
14024
14039
14042
14044
14046
14048
14053
14075
14082
14085
14088
14091
14094
14095
14096
14097
14098
14099
14100
14101
14104
14107
14111
14112
14114
14118
14119
14122
14124
14125
14126
14127
14130
14131
14132
14133
14134
14135
14136
14137
14138
14139
14144
14145
14146
14147
14148
14149
14150
14151
14152
14153
14154
14155
14156
14157
14158
14159
14160
14161
14162
14163
14164
14165
14166
14167
14168
14169
14170
14171
14172
14173
14174
14175
14176
14177
14178
14181
14182
14183
14184
14187
14188
14189
14194
14198
14201
14202
14205
14206
14207
14208
14210
14213
14214
14219
14220
14223
14237
14238
14283
14289
14290
14300
14301
14422
14423
14424
14447
14448
14459
14466
14495
14496
14497
14498
14500
14501
14508
14509
14510
14511
14512
14513
14514
14515
14516
14517
14518
14519
14520
14521
14522
14523
14524
14525
14526
14527
14528
14529
14530
14531
14532
14533
14534
14535
12515
9610
14536
14537
23048
14538
14539
14540
14541
14542
14543
14544
14545
14546
14547
14548
14549
14550
14551
14552
14553
14554
14555
14556
14557
14558
14559
14560
14561
14562
14563
14565
14566
14567
14568
14569
14570
14571
14572
14573
14574
14582
14583
14584
14585
14586
14587
14588
14589
14590
14591
14592
9862
14593
14595
14596
14597
14598
14600
9908
14601
23047
14602
14603
14604
14605
14611
14612
14613
14616
14617
14618
14619
14620
14621
14646
14683
14706
14759
15000
15002
15003
15004
15005
15006
15008
15009
15010
15011
15012
15013
15014
15015
15016
15017
15018
15019
15020
15021
15022
15023
15024
15025
15026
15027
15028
15029
15030
15031
15032
15033
15034
15036
15037
15038
15039
15040
15041
15042
15043
15044
15046
15047
15048
15051
15052
15053
15054
15055
15056
15061
15062
15063
15064
15066
15067
15068
15073
15074
15088
15089
15090
15091
15093
15094
15095
15096
15097
15098
15100
15101
15105
15110
15111
15112
15113
15116
15117
15118
15119
15120
15121
15138
15147
15176
15177
15178
15179
15180
16000
16001
16003
16004
16005
16006
16007
16008
16010
16013
16014
16015
16016
16017
16018
16020
16021
16024
16025
16026
16027
16028
16029
16030
16031
16032
16033
16040
16060
16186
16226
16227
16230
16231
16246
16251
16252
16256
16258
16259
16267
16268
16269
16270
16343
16344
16345
16346
16362
16368
16372
16381
16385
16386
16390
16397
16398
16399
16410
16412
16414
16415
16418
16419
16420
16421
16422
16423
16424
16425
16426
16427
16428
16429
16430
16431
16436
16437
16438
16439
16447
16448
16449
16450
16461
16462
16543
16544
16548
16549
16550
16551
16554
16555
16556
16565
16566
16567
16568
16588
16589
16590
16615
16616
16659
16676
16677
16678
16682
16683
16692
16693
16694
16695
16696
16697
16698
16699
16700
16701
16702
16703
16704
16705
16706
16707
16708
16709
16710
16711
16712
16713
16714
16715
16716
16717
16718
16719
16720
16721
16722
16723
16724
16725
16726
16727
16728
16729
16730
16731
16732
16733
16734
16735
16736
16737
16738
16739
16741
16742
16743
16744
16745
16746
16747
16748
16749
16750
16751
16752
16760
6436
16740
16763
16764
6442
16765
16766
16767
16768
16769
16770
16771
16972
16973
16974
16975
16976
16977
16979
16998
17013
17014
17015
17030
17037
17038
17039
17040
17041
17042
17043
17047
17048
17049
17053
17066
17068
17080
17081
17082
17083
17104
17105
17106
17109
17113
17114
17115
17116
17118
17119
17122
17123
17124
17125
17126
17127
17153
17159
17162
17181
17199
17202
17206
17221
17222
17223
17224
17245
17248
17251
17252
17253
17254
17262
17270
17271
17272
17273
17274
17275
17290
17292
17293
17294
17296
17307
17317
17333
17334
17340
17341
17342
17343
17344
17345
17347
17348
17349
17350
17351
17352
17353
17354
100798
17355
17356
17357
17358
17359
17360
17361
17362
17363
17364
17365
17366
17367
17368
17370
17371
17372
17373
17374
17375
17376
17377
17378
17379
17380
17381
17382
17383
17384
17385
17386
17387
17388
17389
17390
17391
17392
17393
17434
17450
17452
17453
17454
17458
17459
17460
17461
17480
17485
17486
17487
17488
17489
17503
17504
17505
17506
17507
17508
17509
17528
17571
17577
17578
17579
17580
17581
17585
17594
17595
17603
17604
17605
17606
17614
17629
17645
17667
17709
17714
17728
17729
17730
17731
17732
17733
17747
17751
17752
17804
17805
18000
18001
18002
18003
18004
18101
18103
18106
18107
18108
18109
18110
18111
18113
18114
18118
18119
18120
18122
18123
18129
18130
18145
18507
18508
18509
18510
18511
18512
18513
18514
18515
18516
18517
18518
18519
18520
18521
18522
18523
18524
18525
18526
18527
18528
18529
18530
18531
18532
18533
18534
18536
18537
18538
18539
18540
18541
18542
18543
18549
18550
18551
18553
18554
18555
18556
18557
18558
18561
18562
18565
18566
18569
18570
18571
18573
18574
18575
18576
18580
18581
18582
18583
18584
18585
18586
18587
18588
18589
18590
18591
18593
18595
18596
18597
18598
18599
18600
18601
18602
18603
18604
18605
18606
18607
18608
18609
18611
18612
18613
18614
18615
18616
18617
18618
18619
18620
18621
18626
18627
18628
18629
18630
18631
18632
18633
18634
18635
18636
18637
18638
18639
18640
18641
18642
18643
18644
18645
18646
18647
18648
18649
18650
18651
18652
18653
18655
18656
18657
18658
18659
18660
18661
18662
18663
18664
18665
18666
18667
18668
18669
18670
18671
18672
18673
18674
18675
18676
18677
18678
18679
18680
18681
18682
18683
18684
18685
18690
18691
18692
18693
18694
18695
18696
18697
18698
18699
18700
18701
18702
18703
18704
18706
18707
18708
18709
18711
18712
18713
18714
18716
18718
18727
18728
18729
18730
18731
18732
18733
18734
18736
18737
18739
18740
18741
18742
31480
18743
18744
18745
18746
18747
18748
18749
18750
18752
18753
18754
18755
18756
18759
18760
18761
18762
18763
18764
18765
18766
18767
18768
18769
18770
18771
18772
18773
18774
18775
18776
18779
18780
18781
18782
18785
18786
18791
18793
18794
18795
18796
18797
18798
18802
18805
18806
18807
18808
18810
18814
18815
18816
18817
18818
18819
18820
18821
18822
18823
18824
18825
18827
18832
18833
18834
18837
18838
18839
18841
18842
18843
18844
18845
18848
18849
18850
18851
18852
18853
18854
18855
18856
18857
18858
18859
18861
18863
18864
18866
18867
18868
18873
18874
18878
18882
18883
18885
18886
18887
18888
18889
18890
18891
18892
18893
18894
18895
18896
18897
18898
18900
18901
18907
18908
18909
18910
18911
18912
18913
18914
18915
18916
18917
18918
18919
18921
18924
18929
18930
18931
18932
18944
18945
18946
18953
18955
18956
18961
18962
18963
18964
18965
18967
18968
18986
18987
18992
18993
18994
18996
18997
19005
19010
19013
19015
19020
19024
19026
19030
19031
19035
19036
19037
19038
19039
19101
19102
19209
19387
19391
19407
19409
19413
19500
19501
19502
19503
19504
19505
19506
19507
19508
19509
19510
19511
19513
19514
19515
19516
19517
19518
19519
19520
19521
19522
19525
19526
19527
19528
19529
19532
19533
19534
19535
19536
19537
19538
19539
19540
19541
19542
19543
19544
19545
19546
19547
19548
19549
19550
19551
19552
19553
19554
19555
19556
19566
19573
19574
19577
19580
19581
19582
19583
19584
19585
19587
19589
19598
19600
19601
19607
19608
19616
19617
19619
19620
19623
19624
19625
19627
19629
19630
19634
19636
19643
19649
19650
19652
480095
410029
31814
31815
19653
19654
19655
19656
19657
19658
19659
19660
19661
19677
19678
19679
19680
19681
19682
19683
19684
19685
19686
19687
19688
19689
19690
19691
19692
19693
19694
19695
19696
19697
19701
19707
19709
19710
19712
19713
19714
19715
19716
19717
19718
19721
19722
19723
19934
20481
19724
19725
19726
19727
19728
19729
19739
19743
19744
19745
19746
19747
19748
19749
19750
19751
19752
19753
19754
19755
19756
19757
19758
19759
19760
19761
19762
19767
19768
19769
19770
19771
19772
19773
19774
19775
19776
19780
19783
19785
19787
19788
19789
19790
19798
19800
19801
19802
19804
19805
19806
19808
19809
19810
19811
19813
19814
19815
19816
19817
19818
19819
19821
19822
19823
19824
19825
19826
19827
19828
19829
19830
19831
19832
19833
19834
19835
19836
19837
19838
19839
19840
19841
19842
19871
19873
19874
19875
19876
19877
19878
19879
19880
19881
19882
19883
19892
19893
19894
19895
19896
19900
19903
19904
19905
19906
19907
19908
19909
19910
19911
19912
19914
19915
19917
19918
19919
19920
19922
19923
19924
19925
19926
19927
19928
19929
19930
19936
19939
19951
19952
19953
19954
19955
19956
19957
19958
19959
19960
19969
19974
19976
19977
19978
19979
19980
19982
19984
19985
19986
19987
19988
19989
19990
19991
19992
19994
19996
19997
19998
20011
20014
20015
20016
20018
20019
20021
20022
20031
20032
20034
20035
20036
20037
20038
20041
20054
20071
20091
20099
20100
20106
20113
20126
20127
20128
20129
20130
20131
20132
31479
20133
20134
20135
20136
20145
20146
20147
20152
20153
20154
20155
20156
20160
20164
20166
20167
20168
20169
20170
20171
20172
20173
20174
20175
20183
20191
20195
20197
20199
20200
20201
20202
20217
20218
20219
20227
20230
20231
20232
20233
20234
20235
20236
20237
20238
20239
20240
20241
20242
20243
20255
20266
20268
20273
20278
20279
20280
20281
20282
20283
20284
20285
20286
20287
20293
20294
20295
20296
20297
20298
20299
20300
20301
20302
20306
20311
20312
20313
20314
20315
31841
20064
20316
20317
20318
20319
20329
20330
20340
20341
20342
20350
20351
20352
20353
20354
20355
20356
20357
20358
20359
20360
20361
20362
20363
20364
20365
20366
20367
20368
20369
20370
20377
20378
20397
20398
20405
20430
20434
20451
20453
20454
20458
20470
20500
20700
20702
20703
20704
20705
20706
20707
20709
20710
20717
20718
20721
20725
20732
20733
20734
20735
20743
20744
20745
20746
20747
20752
20756
20757
20758
20761
20762
20763
20820
20821
20822
20834
20836
21001
21002
21003
21006
21007
21009
21010
21011
21015
22000
22001
22002
22003
22004
22005
22006
22007
22008
22009
22010
22011
22012
22014
22015
22033
22035
22036
22037
22043
22044
22046
22047
22059
22061
22067
22131
22507
22508
22511
22512
22515
22516
22517
22534
22535
22536
22537
22538
22540
22542
22543
22544
22550
22564
22565
22566
22567
22568
22594
22606
22607
22611
22621
22650
22651
22652
22660
22669
22670
22685
22686
22691
22692
22693
22694
22695
22699
22702
22703
22704
22705
22706
22707
22708
22737
22738
22739
22740
22741
22742
22744
22745
22746
22747
22748
22749
22760
22761
22762
22770
22771
22772
22773
22774
22775
22776
22815
22825
22826
22838
22868
22870
22881
22905
22971
23123
23124
23125
23126
23127
23164
24012
24013
24014
24015
24016
24017
24018
24019
24020
24021
24022
24023
24025
24026
24027
24028
24029
24030
24031
24032
24033
24034
24035
24036
24037
24038
24039
24040
24041
24042
24043
24044
24045
24046
24047
24048
24049
24050
24051
24052
24053
24054
24055
24056
24057
24058
24059
24060
24061
24062
24063
24064
24065
24066
24067
24068
24069
24070
24071
24081
24082
24083
24090
24099
24100
24101
24111
24112
24113
24186
24187
24188
24189
24190
24191
24192
24193
24194
24195
24198
24199
24200
24201
24202
24203
24204
24205
24206
24207
25000
25001
25002
25003
25004
25005
25006
25007
25008
25009
25010
25011
25012
25013
25014
25015
25016
25017
25132
25133
25245
25246
25247
25248
25249
25250
25260
25276
25277
25278
25279
25280
25281
25282
25283
25284
25285
26107
26200
27012
27013
27014
27015
27016
27017
27018
27019
27020
28000
28001
28007
28100
28101
28106
28116
28200
28201
28202
28310
28311
28324
28326
28327
28332
28441
28442
28495
28496
28501
28502
28503
28604
28608
28705
28721
28901
28902
29013
29014
29015
29016
29017
29018
29019
29020
29021
29022
29023
29024
29025
29026
29027
29028
29029
29030
29031
29032
29033
31052
31063
31064
31065
31066
31067
31068
31069
31070
31087
31092
31117
31118
31119
31120
31121
31122
31123
25251
25252
25253
25254
23202
22819
1665
1672
1835
2192
2196
2935
5933
5978
13088
15072
15103
15169
16022
17762
17768
17772
18787
18799
18813
18877
19048
19083
19212
19113
19114
20712
20797
20799
20802
20803
20804
20805
20806
20807
20808
20809
20811
22052
22058
23251
23252
23253
23254
23255
23265
23266
28386
28394
28410
28411
28910
31160
31161
31162
31163
31164
31165
31166
31167
31168
31172
1681
1683
1684
1685
1686
1687
1690
1691
1692
1693
1694
1695
1696
1697
1699
4659
4660
4661
4662
4663
4664
4665
4666
4667
4668
4669
4670
11601
11602
15126
15129
15150
15151
15156
17779
19084
20788
20789
20790
22076
22077
22083
22084
22085
22984
22985
25043
25044
25045
25046
25047
25048
25049
25142
26100
26101
28374
28380
28381
28382
28413
28414
28415
28416
28417
28418
28419
28420
28421
28422
28423
28424
31040
31041
31042
31043
31044
31045
31046
31047
31048
23260
11607
23259
23261
31195
25290
25291
20468
31791
2184
2191
2195
5916
14645
15071
15106
15140
17289
17778
18937
19079
19125
20728
20753
20778
20783
22042
22060
22069
22103
22104
23293
23294
23295
28305
28359
5912
20407
19597
20222
12806
17786
31181
31182
31183
31184
31185
31186
31187
31188
31189
31190
5921
5973
15087
15104
15142
15145
16051
17788
20730
22017
28353
28377
20495
20497
20498
20499
31027
31029
20449
31030
31028
31624
17787
1664
5937
15108
15125
20714
22016
22055
22064
28303
28320
28491
28492
28717
17790
1400
1450
1600
1800
1900
1996
2026
2027
4446
4633
4634
4635
4636
4637
4638
4639
4640
4641
4994
4995
4996
4997
4998
4999
6919
6920
6921
6922
6923
6924
6925
6926
6927
6928
6929
6930
6931
6932
6933
6934
6935
6936
6937
6938
6939
6940
6941
6942
6960
11061
11600
13128
13328
13455
14505
14506
15146
16039
16041
17569
17570
17801
18121
19884
20005
20006
20007
20009
20010
20012
20246
20247
20288
21016
21018
22847
22848
22849
22899
22901
28008
28010
28107
28354
28355
28356
28605
28706
28900
29000
29001
29002
29003
29004
29005
29006
29007
29008
29009
29010
29011
31024
31025
31026
12817
16483
12514
16504
18880
17739
15124
18862
20726
20800
22032
28358
28429
17802
9099
11608
11609
20085
23189
23296
23297
25233
25294
25295
25296
31197
19667
19668
19669
19670
19671
19672
19673
19674
19675
19676
31140
31141
31144
17806
17807
17837
17838
17839
17840
17841
17842
17843
17844
17845
17846
17847
17848
17849
17850
17851
17852
17877
17878
19599
19848
20039
20040
20042
20043
20044
20045
20046
20047
20048
20349
31053
31054
31055
31056
480055
20509
31057
31089
31090
1297
2193
15196
17336
17646
23414
23415
28430
28434
28507
19112
2198
4671
4672
4673
4674
4675
4676
4677
4678
4679
4680
4681
4682
4683
4684
4685
4686
4687
4688
4689
4690
4691
4692
4693
4694
4695
4696
6814
6815
6816
6817
6818
6819
6820
15175
15189
15204
15205
18971
18972
18973
18974
18975
18976
18977
18978
18979
18980
18981
18982
18983
18984
19081
19156
19961
19962
19963
19964
19965
19966
19967
19968
19970
19971
19972
19973
20391
20392
20393
20748
20749
20815
20846
22138
22679
22687
23016
23080
23313
23314
23315
23316
25127
25128
25129
25130
25131
28379
28903
29061
29062
29063
29064
29065
29066
29067
29068
29069
29070
29071
29072
29073
29074
29075
29076
29077
29078
29079
29080
29081
29082
29083
29084
29085
29086
29087
29088
29089
29090
29091
29092
29093
29094
29095
29096
29097
29098
29099
29100
29101
29102
29103
29104
29105
29106
29107
29108
29109
29110
29111
29112
29113
29114
29115
29116
29117
29118
29119
29120
20344
20457
23477
31198
31199
31200
31201
31202
31203
31207
31234
17892
19137
20814
28433
23507
23508
31208
31209
31210
31211
31212
31213
31214
31215
31216
31217
31218
31219
31220
31221
31222
31223
31224
31225
31226
31227
31228
31229
31230
31231
31232
31233
1593
2197
5968
15102
15139
15166
17859
17876
17893
19141
20845
22050
28437
28438
28513
28921
9113
11616
10042
17860
23516
31179
31246
31247
31248
31249
31250
31251
31252
31256
2165
2913
5924
5938
13209
15130
15135
17900
19269
20701
20837
22049
22107
22108
22109
22110
22111
22112
22113
22114
22115
22116
22117
22118
23600
23601
23602
23603
25187
28342
28372
28520
28521
28916
13136
20459
23588
28215
28216
28217
28218
31177
31295
31296
31298
31299
31300
31301
31302
5945
17903
19082
19285
19288
31530
19289
19290
19291
19292
20522
19293
19294
20204
20859
22062
23625
28531
31125
31180
6017
6018
17514
17523
17853
17854
17855
17856
17857
17858
17861
17862
17863
17864
17865
17866
17867
17868
17869
17870
17871
17872
17873
17874
17928
28930
28931
28932
2158
17493
17500
17927
19246
19306
22051
22134
23658
28551
28941
1449
14836
14856
14884
15143
17720
17938
17939
19139
19221
20841
22170
23660
25479
28484
28506
28929
31377
31378
31379
31381
31382
31383
31384
31385
31455
14921
31178
31318
31325
31326
31327
31328
31329
31330
31331
31332
6316
18720
20813
14735
15249
22172
28564
28565
17481
1447
13461
13462
14940
15163
15164
19115
19138
19326
19327
20455
20456
20491
20515
23076
23077
23078
23087
25151
25152
25153
25154
25155
25156
25157
25158
25159
25160
25161
25162
25163
25164
25165
25166
25167
25179
25180
25181
25182
25183
25184
25185
28425
28426
28505
28573
28913
31391
31392
31393
31394
31395
31803
20448
31719
31885
31396
31398
31399
13138
13460
15212
20856
22141
27147
27148
27149
27150
27151
27152
28223
28224
28225
28226
31016
31017
31018
31019
31020
31021
31022
31023
15128
17946
20773
17476
14944
14948
15144
19329
20831
22094
28575
28618
31432
31433
31434
31435
31436
31437
31438
31439
31440
31441
14947
31397
31416
31446
31447
31448
31449
31450
31451
31452
31453
15283
19116
19171
19299
19337
22095
22189
23799
28485
28594
15195
16063
19210
20399
20838
22133
23228
25256
25257
25259
25271
25272
26007
26109
26110
27081
27082
27083
27084
27085
27086
27088
28725
20519
23800
31470
31471
31472
31473
31474
31475
31476
14971
20860
20861
22097
32203
32204
5918
15165
20812
20931
20932
22099
32206
14977
14979
19886
20094
20095
20096
20097
31155
31486
1567
13772
13175
13952
1487
16105
31487
31488
31489
31490
31491
31492
31493
17470
19781
22093
22198
28951
14991
31504
31505
31506
31507
31508
31510
31511
31512
31513
23277
28598
14992
25745
25753
25754
25755
25756
25758
20524
23988
31371
31389
31526
31527
31528
31529
31531
31533
31538
15384
22091
28560
32222
2984
5967
5975
18959
19095
19163
23987
20512
31176
31540
31541
31542
31543
31544
31545
31546
31547
23997
15134
15352
19426
20922
22096
22120
22207
23996
32234
27087
9518
20535
31463
31569
31570
31571
31572
31573
31574
31575
31062
5972
9524
20949
22210
32242
31588
27026
27027
27028
27029
27030
9543
31559
31560
31561
31562
31563
31564
31565
31566
31567
15122
20863
20942
20952
22145
9544
21202
27163
27164
27165
27166
27167
27168
27169
27170
27171
27172
27173
27174
27175
27176
27177
27178
27179
27180
27181
27182
27183
27184
27249
27250
27251
27252
27253
27254
27255
27256
27257
27258
27259
27260
27261
27262
27263
27264
27265
9563
20534
20537
31593
31594
31595
31596
20464
31597
31598
31599
31600
31601
9565
19342
19343
19453
20941
20962
28918
10516
10517
15417
19460
20538
20826
20969
31386
31608
31609
31610
31611
31612
31615
32258
16591
10520
20070
20514
20547
31461
31482
31628
31664
31667
31668
31669
31670
10523
31635
31636
31637
31638
31639
31640
31641
31642
31643
31644
31645
31646
31647
31648
31649
31650
31651
31652
31653
31654
31655
31656
31657
31658
31659
31660
15405
19469
28533
28596
28955
32227
32262
9600
22549
25240
9618
12297
31682
31683
31684
31685
31686
31687
31688
1846
13337
19223
20847
25297
25298
25299
25300
25309
27111
27112
28922
9620
9621
15419
15420
27110
27113
28561
32263
9630
19995
20571
31258
31445
31695
31696
31698
31699
19170
19495
22092
28956
32265
9629
9636
9645
19793
20207
20574
20575
31586
31710
31711
31712
31713
31714
31715
31716
31717
31718
31800
31801
31802
9654
9664
9665
9670
9673
20582
31259
31462
31785
31786
31787
31788
20584
31324
31793
31794
31795
31796
31797
31798
31799
9702
1338
18199
21059
26173
26219
28050
28260
28640
28781
28959
32032
32114
32356
32410
6910
6911
9069
9070
9071
9087
9088
9089
9090
9091
9092
9093
9094
9095
9096
9097
9098
9100
9102
9103
9104
9105
9106
9107
9108
11565
11566
11567
11568
11569
11570
11571
11574
12831
14799
15343
15344
16481
16505
16506
16507
16508
16509
16510
16514
16515
17689
19241
19245
20940
22545
22546
22547
22548
22551
22552
22553
22554
22972
22988
22999
23008
23010
23011
23148
23149
23165
23187
23188
23198
23199
23200
23201
23207
23209
23210
23211
23212
23213
23214
23215
23216
23256
23257
23258
23340
23342
23343
23344
23345
23346
23347
23348
23349
23350
23351
23352
23353
23354
23355
23356
23357
23358
23359
23368
23506
23657
23706
23707
23725
23726
23727
23728
23729
23732
23733
23734
23735
23736
25231
25232
25358
25359
25360
25464
25627
27106
27107
27108
27109
9057
12494
12495
12512
12513
12516
12517
12519
12521
12522
12523
12524
12525
9736
9737
31899
20570
20594
31372
31911
31912
31913
31914
31915
31916
200030
480052
20589
20590
20530
410061
31731
31842
31843
31844
31845
31846
31847
31848
17517
31420
18933
19702
31390
25425
25426
11575
11578
11580
11581
23554
23548
23549
23550
23551
23552
23553
17497
31408
14930
14924
28508
20840
28509
28510
28022
28023
2039
18149
27101
27102
27103
27104
27105
25261
25262
25263
25264
25265
25266
25267
25268
25269
25270
28612
4608
4609
22612
22613
100564
18505
19208
31620
31625
16762
17758
20548
17263
17264
17265
17988
17989
17990
12884
12885
12886
23009
23203
23330
100492
100493
100555
100556
100557
31091
31458
23023
9728
9729
9730
9731
9732
9733
31039
31602
19512
20521
20586
410005
9944
19698
19699
19740
20052
31918
31919
20494
31535
14242
14243
14244
14245
14246
14247
14248
14249
14250
14251
14282
12833
19066
20543
20588
31387
31581
9946
9947
31671
31849
13623
9960
22979
20088
20552
20563
31406
20063
31721
100625
31884
100628
100629
5653
5915
20516
20587
480056
12507
12510
100630
17256
7952
7953
5738
20545
20592
31132
23012
100671
22947
22948
22949
22950
22951
22952
31568
100672
20572
31454
31483
31942
20215
20069
100696
31762
11617
20379
20380
20381
20383
20988
20989
20990
400074
22659
100698
20023
18934
20599
24024
31388
31514
31673
31934
17346
11702
100711
7634
12704
11583
19664
20737
20798
400023
420010
31088
17369
100741
5408
2547
2442
2392
2136
31967
31964
31963
31962
31961
31960
31959
31966
31965
31938
20439
31626
400056
400057
23223
23224
23225
23226
23221
23222
12314
100743
100772
11010
11017
11531
7808
792
100771
31729
20603
20605
31937
31143
31943
31618
19264
100803
19464
31516
11610
23320
23321
23723
23322
25319
25318
25320
25655
7685
18572
100828
20116
31672
400020
31837
31498
20325
20209
100836
19211
22876
20030
19665
11629
25292
14564
12247
12379
22991
6840
100876
20190
11559
11708
11529
12240
100907
31304
31303
19803
15174
5397
20819
20855
15210
19275
31320
31319
23362
23363
23367
12601
11589
25366
25367
25365
25344
420050
31206
20033
20008
31415
19807
31735
20985
31614
18564
18563
100928
23177
31456
27120
27121
27122
27123
27124
27125
27126
11521
11525
12602
12604
5447
5380
20157
31509
20431
20432
20372
20450
20533
31617
31316
20992
400011
100936
19812
2672
2709
23042
12770
12767
12772
31697
5129
2811
12646
12197
12768
12771
12769
25258
31380
31134
31784
20194
20196
20496
31158
21206
31616
20487
20987
410056
23049
9895
1631
13412
19308
100947
31826
100993
20597
20518
480123
420053
19300
31674
400158
31580
31368
11613
11611
11625
23445
12188
22658
14908
25876
25392
25390
25391
23446
19405
19406
25462
6755
31050
100869
19287
20339
20482
20607
410006
410048
410063
480093
480108
480111
20489
31850
31851
420016
420071
480069
100912
100921
20326
400163
420027
420044
480126
100937
100948
31607
480129
100953
20602
31764
400176
31481
23921