100
6579 8165
3405 6922
197 113
1798 583
8725 1109
4976 3456
9125 7840
7440 2895
5216 1385
8554 1215
5940 7676
9565 6292
2399 3574
1779 9680
8643 5885
3014 3179
2438 6641
7473 3749
8537 7156
9599 3579
9711 7991
1595 6855
9337 8806
7206 858
1956 5540
9061 8733
3479 8075
3330 4733
5595 1927
2807 9455
2923 4188
9745 2760
4128 909
9966 1173
5587 3817
373 3192
8550 8882
3416 6501
8058 26
6366 4862
1311 6265
3181 2839
9078 7926
4458 452
2164 710
240 5860
3717 1592
1586 7533
6739 710
7633 3724
705 2836
8620 6451
6027 1601
6537 1788
4512 1267
7631 9466
4561 3715
9798 8013
7200 2630
5029 9823
4703 2352
6879 1875
232 2351
3928 7943
8434 5029
1106 1598
1438 477
8196 4661
1430 6649
4782 8088
8558 3635
8150 8899
9192 213
4413 2142
9014 1333
6956 4492
6690 8670
8791 1350
8795 4629
1868 8262
486 1541
8894 7264
1203 597
3487 4108
5910 7185
6994 7119
773 1338
4462 5372
5768 1269
4158 6954
9299 7363
2492 3056
2894 9970
5401 8252
1354 8745
8921 8485
875 5148
2970 5724
1293 1862
4813 5437
